PDE 2011  8 23 17 51  3.00  37.9800  -77.9700   1.0 5.9 5.9 VIRGINIA - INV
event name:     201108231751A
time shift:      4.3400
half duration:   1.9000
latitude:       37.8306
longitude:     -77.9589
depth:           8.6706
Mrr:       0.381064E+25
Mtt:       0.323292E+24
Mpp:      -0.413394E+25
Mrt:       0.133569E+25
Mrp:      -0.337277E+24
Mtp:      -0.894940E+24
