PDEW 2012  6  1  5  7  1.90 -77.1600 -148.9200  12.0 5.5 5.5 ANTARCTICA                              
event name:     201206010507A  
time shift:      3.9200
half duration:   1.5000
latitude:      -77.0200
longitude:    -149.8000
depth:          13.0800
Mrr:      -1.920000e+24
Mtt:       2.670000e+24
Mpp:      -7.540000e+23
Mrt:      -4.830000e+23
Mrp:       9.600000e+23
Mtp:       5.990000e+23
