PDE 2008  1 15 17 52 15.70 -21.9800 -179.5400 597.6 5.8 6.5 FIJI ISLANDS REGION - INV
event name:     200801151752A
time shift:      4.9500
half duration:   4.4000
latitude:      -22.0402
longitude:    -179.3394
depth:         597.0051
Mrr:       0.766303E+25
Mtt:      -0.167674E+26
Mpp:       0.910435E+25
Mrt:      -0.232716E+26
Mrp:      -0.544020E+26
Mtp:      -0.163775E+26
