PDE 2009 12 10  2 30 52.70  53.4200  152.7600 656.2 6.1 6.3 SEA OF OKHOTSK - INV
event name:     200912100230A
time shift:      2.2000
half duration:   3.4000
latitude:       53.4337
longitude:     152.7606
depth:         653.6283
Mrr:      -0.166458E+26
Mtt:      -0.103147E+26
Mpp:       0.269605E+26
Mrt:      -0.106891E+26
Mrp:      -0.128303E+26
Mtp:      -0.451619E+25
